3.397430636038427983e-03
1.185951489672203802e-03
5.417332116963459714e-04
2.488497425120918933e-04
1.191919605847103440e-04
1.028466137092069727e-04
6.918004274118381373e-05
4.575330640696875420e-05
2.882091527853341666e-05
2.139323064735433453e-05
1.725005100875284751e-05
1.439328960088716482e-05
1.160635721492309944e-05
8.998982418738362969e-06
6.388380794533829071e-06
5.385666494241033983e-06
4.385115988702763469e-06
4.245109678533485891e-06
2.890987437993698815e-06
2.348688912161555514e-06
1.755497274864154687e-06
1.497948229236568491e-06
8.895822184460725388e-07
7.377454593732332001e-07
5.989553993610297914e-07
4.027697110943133169e-07
2.887465146341079709e-07
1.680109869606266137e-07
1.013446245875587483e-07
4.544652863372518774e-08
2.034173164537257539e-08
6.775470762249959852e-09
7.829469173511168315e-20
5.754129231170540184e-20
3.777124389364975956e-20
1.792136914651931318e-21
-3.299909916690712738e-20
-3.691960399428465002e-20
-5.094695378654957030e-20
-2.507000019648958335e-19
